Instance            Exact      Mean      Best    StdDev  Mean Time(s)  Best Time(s)  Gap% (runs)
------------------------------------------------------------------------------------------------
binpack8_t501_00      167    177.60       177      0.80       10.0051       10.0015  5.99,5.99,7.19,6.59,5.99
binpack8_t501_01      167    177.40       177      0.49       10.0057       10.0010  5.99,5.99,6.59,5.99,6.59
binpack8_t501_02      167    177.40       176      1.02       10.0051       10.0011  7.19,5.39,5.99,6.59,5.99
binpack8_t501_03      167    177.00       176      0.63       10.0059       10.0005  5.99,5.99,6.59,5.39,5.99
binpack8_t501_04      167    177.00       176      0.63       10.0047       10.0022  5.99,5.39,5.99,6.59,5.99
binpack8_t501_05      167    177.20       176      0.98       10.0056       10.0007  5.99,7.19,5.99,5.99,5.39
binpack8_t501_06      167    176.20       175      0.98       10.0047       10.0007  5.39,4.79,6.59,5.39,5.39
binpack8_t501_07      167    176.60       175      1.02       10.0065       10.0054  6.59,5.99,4.79,5.39,5.99
binpack8_t501_08      167    177.00       176      0.89       10.0056       10.0026  5.39,6.59,5.99,5.39,6.59
binpack8_t501_09      167    177.00       177      0.00       10.0038       10.0019  5.99,5.99,5.99,5.99,5.99
binpack8_t501_10      167    176.60       176      0.80       10.0082       10.0000  5.99,5.39,5.39,5.39,6.59
binpack8_t501_11      167    176.40       176      0.49       10.0074       10.0052  5.39,5.39,5.39,5.99,5.99
binpack8_t501_12      167    177.20       177      0.40       10.0059       10.0012  5.99,5.99,5.99,5.99,6.59
binpack8_t501_13      167    177.00       176      0.63       10.0090       10.0077  5.99,5.99,5.99,5.39,6.59
binpack8_t501_14      167    176.60       176      0.49       10.0055       10.0014  5.99,5.99,5.39,5.99,5.39
binpack8_t501_15      167    177.00       176      0.63       10.0049       10.0003  5.99,5.99,5.99,6.59,5.39
binpack8_t501_16      167    176.60       176      0.49       10.0068       10.0011  5.39,5.39,5.99,5.99,5.99
binpack8_t501_17      167    176.00       175      0.63       10.0059       10.0040  5.99,5.39,5.39,4.79,5.39
binpack8_t501_18      167    176.80       176      0.75       10.0067       10.0018  5.39,5.39,5.99,6.59,5.99
binpack8_t501_19      167    178.00       177      0.63       10.0067       10.0008  6.59,7.19,6.59,6.59,5.99
