Instance            Exact      Mean      Best    StdDev  Mean Time(s)  Best Time(s)  Gap% (runs)
------------------------------------------------------------------------------------------------
binpack4_u1000_00     399    403.00       403      0.00       10.0286       10.0053  1.00,1.00,1.00,1.00,1.00
binpack4_u1000_01     406    410.60       410      0.49       10.0162       10.0028  1.23,0.99,1.23,0.99,1.23
binpack4_u1000_02     411    415.40       415      0.49       10.0290       10.0006  0.97,0.97,1.22,0.97,1.22
binpack4_u1000_03     411    416.00       416      0.00       10.0195       10.0036  1.22,1.22,1.22,1.22,1.22
binpack4_u1000_04     397    401.00       401      0.00       10.0352       10.0094  1.01,1.01,1.01,1.01,1.01
binpack4_u1000_05     399    404.00       404      0.00       10.0231       10.0035  1.25,1.25,1.25,1.25,1.25
binpack4_u1000_06     395    399.00       399      0.00       10.0299       10.0116  1.01,1.01,1.01,1.01,1.01
binpack4_u1000_07     404    408.00       408      0.00       10.0194       10.0040  0.99,0.99,0.99,0.99,0.99
binpack4_u1000_08     399    403.00       403      0.00       10.0357       10.0176  1.00,1.00,1.00,1.00,1.00
binpack4_u1000_09     397    403.40       403      0.49       10.0341       10.0076  1.51,1.76,1.51,1.76,1.51
binpack4_u1000_10     400    404.00       404      0.00       10.0234       10.0042  1.00,1.00,1.00,1.00,1.00
binpack4_u1000_11     401    405.00       405      0.00       10.0315       10.0107  1.00,1.00,1.00,1.00,1.00
binpack4_u1000_12     393    397.00       397      0.00       10.0173       10.0087  1.02,1.02,1.02,1.02,1.02
binpack4_u1000_13     396    400.00       400      0.00       10.0331       10.0183  1.01,1.01,1.01,1.01,1.01
binpack4_u1000_14     394    399.00       399      0.00       10.0272       10.0160  1.27,1.27,1.27,1.27,1.27
binpack4_u1000_15     402    407.00       407      0.00       10.0264       10.0081  1.24,1.24,1.24,1.24,1.24
binpack4_u1000_16     404    407.00       407      0.00       10.0281       10.0038  0.74,0.74,0.74,0.74,0.74
binpack4_u1000_17     404    409.00       409      0.00       10.0316       10.0041  1.24,1.24,1.24,1.24,1.24
binpack4_u1000_18     399    402.00       402      0.00       10.0307       10.0167  0.75,0.75,0.75,0.75,0.75
binpack4_u1000_19     400    405.80       405      0.40       10.0279       10.0116  1.50,1.50,1.50,1.50,1.25
