Instance            Exact      Mean      Best    StdDev  Mean Time(s)  Best Time(s)  Gap% (runs)
------------------------------------------------------------------------------------------------
binpack7_t249_00       83     87.80        87      0.40       10.0024       10.0000  6.02,6.02,4.82,6.02,6.02
binpack7_t249_01       83     87.40        87      0.49       10.0024       10.0010  4.82,6.02,4.82,6.02,4.82
binpack7_t249_02       83     87.00        86      0.63       10.0025       10.0004  6.02,4.82,4.82,4.82,3.61
binpack7_t249_03       83     87.40        87      0.49       10.0021       10.0013  4.82,4.82,6.02,4.82,6.02
binpack7_t249_04       83     87.80        87      0.40       10.0032       10.0007  6.02,6.02,6.02,6.02,4.82
binpack7_t249_05       83     87.40        87      0.49       10.0024       10.0008  4.82,4.82,6.02,4.82,6.02
binpack7_t249_06       83     87.80        87      0.40       10.0020       10.0001  6.02,6.02,6.02,6.02,4.82
binpack7_t249_07       83     88.00        88      0.00       10.0034       10.0017  6.02,6.02,6.02,6.02,6.02
binpack7_t249_08       83     87.20        87      0.40       10.0022       10.0004  4.82,4.82,4.82,4.82,6.02
binpack7_t249_09       83     87.60        87      0.49       10.0023       10.0006  6.02,6.02,4.82,6.02,4.82
binpack7_t249_10       83     87.80        87      0.40       10.0031       10.0015  6.02,4.82,6.02,6.02,6.02
binpack7_t249_11       83     87.60        87      0.49       10.0017       10.0002  4.82,6.02,6.02,6.02,4.82
binpack7_t249_12       83     87.40        87      0.49       10.0026       10.0008  4.82,4.82,6.02,4.82,6.02
binpack7_t249_13       83     87.80        87      0.40       10.0028       10.0009  6.02,6.02,4.82,6.02,6.02
binpack7_t249_14       83     87.00        87      0.00       10.0013       10.0003  4.82,4.82,4.82,4.82,4.82
binpack7_t249_15       83     87.80        87      0.40       10.0015       10.0001  6.02,6.02,4.82,6.02,6.02
binpack7_t249_16       83     87.40        87      0.49       10.0025       10.0001  4.82,4.82,4.82,6.02,6.02
binpack7_t249_17       83     87.20        87      0.40       10.0032       10.0022  4.82,4.82,4.82,6.02,4.82
binpack7_t249_18       83     87.60        87      0.49       10.0016       10.0006  4.82,6.02,6.02,6.02,4.82
binpack7_t249_19       83     87.60        87      0.49       10.0027       10.0005  6.02,6.02,6.02,4.82,4.82
