Instance            Mean Obj  Best Obj   Std Dev  Mean Time(s)  Best Time(s)
----------------------------------------------------------------------------
binpack7_t249_00       87.80        87      0.40       22.3934       21.9580
binpack7_t249_01       87.40        87      0.49       22.4635       22.3466
binpack7_t249_02       87.00        86      0.63       22.4607       22.2080
binpack7_t249_03       87.40        87      0.49       22.5799       22.3386
binpack7_t249_04       87.80        87      0.40       22.8956       22.7323
binpack7_t249_05       87.40        87      0.49       22.4537       22.3691
binpack7_t249_06       87.80        87      0.40       22.6057       22.3726
binpack7_t249_07       88.00        88      0.00       22.6680       22.4288
binpack7_t249_08       87.20        87      0.40       22.6226       22.4466
binpack7_t249_09       87.60        87      0.49       22.3734       22.2055
binpack7_t249_10       87.80        87      0.40       22.6634       22.4408
binpack7_t249_11       87.60        87      0.49       22.5236       22.2085
binpack7_t249_12       87.40        87      0.49       22.3480       22.1479
binpack7_t249_13       87.80        87      0.40       22.6049       22.4477
binpack7_t249_14       87.00        87      0.00       22.3013       22.2323
binpack7_t249_15       87.80        87      0.40       22.5331       22.2509
binpack7_t249_16       87.40        87      0.49       22.5158       22.3350
binpack7_t249_17       87.20        87      0.40       22.7384       22.4511
binpack7_t249_18       87.60        87      0.49       22.9588       22.7574
binpack7_t249_19       87.60        87      0.49       23.3679       22.4516
